25566	18	 2500
25580	18	 2292
26214	15	 2464
26229	15	 2259
26549	16	 2632
26562	16	 2413
27228	14	 2764
27242	14	 2534
30089	12	 3144
30104	12	 2883
30928	18	 2153
31044	14	 2381
31128	16	 2267
31665	12	 2709
31791	15	 2123
31883	20	 3564
31896	20	 3268
31909	20	 3070
32451	19	 3548
32466	19	 3253
32481	19	 3056
40910	18	 2061
40992	20	 2938
41040	14	 2279
41128	16	 2170
41660	12	 2593
41670	19	 2925
41777	15	 2032
49049	13	 408
49062	13	 375
49075	13	 353
50910	18	 2000
50992	20	 2850
51040	14	 2211
51660	12	 2515
51670	19	 2838
51777	15	 1971
54385	13	 743
60910	18	 1959
60992	20	 2792
61040	14	 2166
61135	13	 687
61660	12	 2463
61670	19	 2780
61777	15	 1931
70910	18	 1932
70992	20	 2753
71044	14	 2136
71136	13	 650
71660	12	 2429
71670	19	 2741
71777	15	 1904
72596	16	 4914
72609	16	 4566
72623	16	 4334
80913	18	 1914
81040	14	 2116
81777	15	 1886
86870	13	 1334
90910	18	 1902
91040	14	 2102
91136	13	 1236
91777	15	 1874
100910	18	 1894
101040	14	 2093
101136	13	 1171
104764	19	 5689
104779	19	 5343
104793	19	 5113
105855	12	 5679
105870	12	 5320
105884	12	 5080
106500	20	 6110
106513	20	 5730
106526	20	 5477
110913	18	 1888
110992	20	 5308
111044	14	 2087
111136	13	 1127
111660	12	 4920
111670	19	 4959
118550	15	 4087
118564	15	 3843
120910	18	 1884
120992	20	 5195
121040	14	 2083
121136	13	 1098
121660	12	 4814
121670	19	 4857
121777	15	 3681
128612	16	 10524
128625	16	 9746
128638	16	 9227
128652	16	 8881
128665	16	 8650
130910	18	 1882
130992	20	 5120
131040	14	 2080
131660	12	 4743
131670	19	 4789
131777	15	 3573
140910	18	 1880
140992	20	 5070
141040	14	 2078
141660	12	 4696
141670	19	 4743
141777	15	 3501
143760	13	 2826
143774	13	 2634
150914	18	 1879
150992	20	 5037
151040	14	 2077
151136	13	 2506
151660	12	 4664
151670	19	 4713
151777	15	 3453
160910	18	 1878
160992	20	 5015
161040	14	 2076
161136	13	 2420
161660	12	 4643
161670	19	 4693
161777	15	 3421
170910	18	 1878
170992	20	 5000
171040	14	 2076
171136	13	 2363
171660	12	 4629
171670	19	 4679
171777	15	 3399
180910	18	 1878
180992	20	 4990
181040	14	 2076
181136	13	 2325
181660	12	 4620
181670	19	 4670
181777	15	 3385
190910	18	 1878
190992	20	 4983
191040	14	 2076
191136	13	 2300
191660	12	 4614
191670	19	 4664
191777	15	 3375
200910	18	 1878
200992	20	 4979
201040	14	 2076
201136	13	 2283
201660	12	 4610
201670	19	 4660
201777	15	 3369
210915	18	 1878
210992	20	 4976
211040	14	 2076
211136	13	 2272
211432	16	 19008
211446	16	 17764
211459	16	 16934
211472	16	 16381
211486	16	 16012
211499	16	 15766
211513	16	 15602
211526	16	 15493
211540	16	 15420
211660	12	 4607
211670	19	 4657
211777	15	 3365
220910	18	 1878
220992	20	 4974
221040	14	 2076
221660	12	 4605
221670	19	 4655
221777	15	 3362
230910	18	 1878
230992	20	 4973
231040	14	 2076
231660	12	 4604
231670	19	 4654
231777	15	 3360
240910	18	 1878
240992	20	 4972
241040	14	 2076
241660	12	 4603
241670	19	 4653
241777	15	 3359
242542	13	 5142
242555	13	 4833
242568	13	 4626
250910	18	 1878
250992	20	 4971
251040	14	 2076
251136	13	 4489
251660	12	 4602
251670	19	 4653
251777	15	 3358
260910	18	 1878
260992	20	 4971
261040	14	 2076
261136	13	 4397
261660	12	 4602
261670	19	 4653
261777	15	 3357
270910	18	 1878
270992	20	 4971
271040	14	 2076
271136	13	 4336
271660	12	 4602
271670	19	 4653
271781	15	 3357
280910	18	 1878
280992	20	 4971
281040	14	 2076
281136	13	 4295
281660	12	 4602
281670	19	 4653
281777	15	 3357
290910	18	 1878
290992	20	 4971
291040	14	 2076
291136	13	 4268
291660	12	 4602
291670	19	 4653
291777	15	 3357
300910	18	 1878
300992	20	 4971
301044	14	 2076
301136	13	 4250
301660	12	 4602
301670	19	 4653
301777	15	 3357
310910	18	 1878
310992	20	 4971
311040	14	 2076
311136	13	 4238
311660	12	 4602
311670	19	 4653
311777	15	 3357
320910	18	 1878
320992	20	 4971
321040	14	 2076
321136	13	 4230
321660	12	 4602
321670	19	 4653
321777	15	 3357
330910	18	 1878
330992	20	 4971
331040	14	 2076
331136	13	 4225
331660	12	 4602
331670	19	 4653
331777	15	 3357
340910	18	 1878
340992	20	 4971
341040	14	 2076
341136	13	 4221
341660	12	 4602
341670	19	 4653
341777	15	 3357
350910	18	 1878
350992	20	 4971
351040	14	 2076
351136	13	 4219
351660	12	 4602
351670	19	 4653
351777	15	 3357
360910	18	 1878
360992	20	 4971
361040	14	 2076
361136	13	 4217
361660	12	 4602
361670	19	 4653
361777	15	 3357
370910	18	 1878
370992	20	 4971
371040	14	 2076
371136	13	 4216
371660	12	 4602
371670	19	 4653
371777	15	 3357
375221	16	 36433
375235	16	 34209
375248	16	 32726
375283	16	 31739
375296	16	 31080
375310	16	 30641
375323	16	 30348
375336	16	 30153
375350	16	 30022
375363	16	 29935
375377	16	 29877
375390	16	 29839
375403	16	 29813
375417	16	 29796
375430	16	 29785
375444	16	 29777
380910	18	 1878
380992	20	 4971
381040	14	 2076
381660	12	 4602
381670	19	 4653
381777	15	 3357
390910	18	 1878
390992	20	 4971
391040	14	 2076
391660	12	 4602
391670	19	 4653
391777	15	 3357
400910	18	 1878
400992	20	 4971
401040	14	 2076
401660	12	 4602
401670	19	 4653
401777	15	 3357
410910	18	 1878
410992	20	 4971
411040	14	 2076
411660	12	 4602
411670	19	 4653
411777	15	 3357
416487	13	 8840
416500	13	 8337
416514	13	 8001
416527	13	 7778
420910	18	 1878
420992	20	 4971
421040	14	 2076
421136	13	 7629
421660	12	 4602
421670	19	 4653
421777	15	 3357
430910	18	 1878
430992	20	 4971
431040	14	 2076
431136	13	 7530
431660	12	 4602
431670	19	 4653
431777	15	 3357
440910	18	 1878
440992	20	 4971
441040	14	 2076
441136	13	 7464
441660	12	 4602
441670	19	 4653
441777	15	 3357
450910	18	 1878
450992	20	 4971
451040	14	 2076
451136	13	 7420
451660	12	 4602
451670	19	 4653
451777	15	 3357
460910	18	 1878
460992	20	 4971
461044	14	 2076
461136	13	 7390
461660	12	 4602
461670	19	 4653
461777	15	 3357
470910	18	 1878
470992	20	 4971
471040	14	 2076
471136	13	 7370
471660	12	 4602
471670	19	 4653
471777	15	 3357
480910	18	 1878
480992	20	 4971
481040	14	 2076
481136	13	 7357
481660	12	 4602
481670	19	 4653
481777	15	 3357
490910	18	 1878
490992	20	 4971
491040	14	 2076
491136	13	 7348
491660	12	 4602
491670	19	 4653
491777	15	 3357
500910	18	 1878
500992	20	 4971
501040	14	 2076
501136	13	 7342
501660	12	 4602
501670	19	 4653
501777	15	 3357
510910	18	 1878
510992	20	 4971
511040	14	 2076
511136	13	 7338
511660	12	 4602
511670	19	 4653
511777	15	 3357
520910	18	 1878
520992	20	 4971
521040	14	 2076
521136	13	 7336
521660	12	 4602
521670	19	 4653
521777	15	 3357
530910	18	 1878
530992	20	 4971
531040	14	 2076
531136	13	 7334
531660	12	 4602
531670	19	 4653
531777	15	 3357
540910	18	 1878
540992	20	 4971
541040	14	 2076
541136	13	 7333
541660	12	 4602
541670	19	 4653
541777	15	 3357
550910	18	 1878
550992	20	 4971
551040	14	 2076
551136	13	 7332
551660	12	 4602
551670	19	 4653
551777	15	 3357
560910	18	 1878
560992	20	 4971
561044	14	 2076
561136	13	 7332
561660	12	 4602
561670	19	 4653
561777	15	 3357
570910	18	 1878
570992	20	 4971
571040	14	 2076
571136	13	 7332
571660	12	 4602
571670	19	 4653
571777	15	 3357
580910	18	 1878
580992	20	 4971
581040	14	 2076
581136	13	 7332
581660	12	 4602
581670	19	 4653
581777	15	 3357
590910	18	 1878
590992	20	 4971
591040	14	 2076
591136	13	 7332
591660	12	 4602
591670	19	 4653
591777	15	 3357
600910	18	 1878
600992	20	 4971
601040	14	 2076
601136	13	 7332
601660	12	 4602
601670	19	 4653
601777	15	 3357
610910	18	 1878
610992	20	 4971
611040	14	 2076
611136	13	 7332
611660	12	 4602
611670	19	 4653
611777	15	 3357
620910	18	 1878
620992	20	 4971
621040	14	 2076
621136	13	 7332
621660	12	 4602
621670	19	 4653
621777	15	 3357
630910	18	 1878
630992	20	 4971
631040	14	 2076
631136	13	 7332
631660	12	 4602
631670	19	 4653
631777	15	 3357
640910	18	 1878
640992	20	 4971
641040	14	 2076
641136	13	 7332
641660	12	 4602
641670	19	 4653
641777	15	 3357
650910	18	 1878
650992	20	 4971
651040	14	 2076
651136	13	 7332
651660	12	 4602
651670	19	 4653
651777	15	 3357
660910	18	 1878
660992	20	 4971
661040	14	 2076
661136	13	 7332
661660	12	 4602
661670	19	 4653
661777	15	 3357
670910	18	 1878
670992	20	 4971
671040	14	 2076
671136	13	 7332
671660	12	 4602
671670	19	 4653
671777	15	 3357
679299	16	 70723
679313	16	 66479
679326	16	 63650
679340	16	 61764
679353	16	 60507
679367	16	 59669
679380	16	 59110
679393	16	 58737
679407	16	 58489
679420	16	 58323
679434	16	 58213
679447	16	 58139
679460	16	 58090
679474	16	 58057
679487	16	 58035
679501	16	 58021
679514	16	 58011
679527	16	 58005
679541	16	 58001
679554	16	 57998
679568	16	 57996
679581	16	 57995
679594	16	 57994
679608	16	 57993
679621	16	 57993
679635	16	 57993
679648	16	 57993
679661	16	 57993
679675	16	 57993
679688	16	 57993
680910	18	 1878
680992	20	 4971
681040	14	 2076
681660	12	 4602
681670	19	 4653
681777	15	 3357
690910	18	 1878
690992	20	 4971
691040	14	 2076
691660	12	 4602
691670	19	 4653
691777	15	 3357
700910	18	 1878
700992	20	 4971
701040	14	 2076
701660	12	 4602
701670	19	 4653
701777	15	 3357
710910	18	 1878
710992	20	 4971
711040	14	 2076
711660	12	 4602
711670	19	 4653
711777	15	 3357
720910	18	 1878
720992	20	 4971
721040	14	 2076
721660	12	 4602
721670	19	 4653
721777	15	 3357
730910	18	 1878
730992	20	 4971
731040	14	 2076
731660	12	 4602
731670	19	 4653
731777	15	 3357
740910	18	 1878
740992	20	 4971
741040	14	 2076
741660	12	 4602
741670	19	 4653
741777	15	 3357
750910	18	 1878
750992	20	 4971
751040	14	 2076
751660	12	 4602
751670	19	 4653
751777	15	 3357
753262	13	 17194
753275	13	 16168
753289	13	 15484
753302	13	 15028
753316	13	 14724
753330	13	 14522
753343	13	 14387
753357	13	 14297
760910	18	 1878
760992	20	 4971
761040	14	 2076
761136	13	 14237
761660	12	 4602
761670	19	 4653
761777	15	 3357
770910	18	 1878
770992	20	 4971
771040	14	 2076
771136	13	 14197
771660	12	 4602
771670	19	 4653
771777	15	 3357
780910	18	 1878
780992	20	 4971
781040	14	 2076
781136	13	 14170
781660	12	 4602
781670	19	 4653
781777	15	 3357
790910	18	 1878
790992	20	 4971
791040	14	 2076
791136	13	 14152
791660	12	 4602
791670	19	 4653
791777	15	 3357
800910	18	 1878
800992	20	 4971
801040	14	 2076
801136	13	 14140
801660	12	 4602
801670	19	 4653
801777	15	 3357
810910	18	 1878
810992	20	 4971
811040	14	 2076
811136	13	 14132
811660	12	 4602
811670	19	 4653
811777	15	 3357
820910	18	 1878
820992	20	 4971
821040	14	 2076
821136	13	 14127
821660	12	 4602
821670	19	 4653
821777	15	 3357
830910	18	 1878
830992	20	 4971
831040	14	 2076
831136	13	 14124
831660	12	 4602
831670	19	 4653
831777	15	 3357
840910	18	 1878
840992	20	 4971
841040	14	 2076
841136	13	 14122
841660	12	 4602
841670	19	 4653
841777	15	 3357
850910	18	 1878
850992	20	 4971
851040	14	 2076
851136	13	 14120
851660	12	 4602
851671	19	 4653
851777	15	 3357
860910	18	 1878
860992	20	 4971
861040	14	 2076
861136	13	 14119
861660	12	 4602
861670	19	 4653
861777	15	 3357
870910	18	 1878
870992	20	 4971
871045	14	 2076
871137	13	 14118
871660	12	 4602
871670	19	 4653
871777	15	 3357
880910	18	 1878
880992	20	 4971
881040	14	 2076
881136	13	 14118
881660	12	 4602
881670	19	 4653
881777	15	 3357
890910	18	 1878
890992	20	 4971
891040	14	 2076
891136	13	 14118
891660	12	 4602
891670	19	 4653
891777	15	 3357
900910	18	 1878
900992	20	 4971
901040	14	 2076
901136	13	 14118
901660	12	 4602
901670	19	 4653
901777	15	 3357
910913	18	 1878
910992	20	 4971
911044	14	 2076
911136	13	 14118
911660	12	 4602
911672	19	 4653
911777	15	 3357
920910	18	 1878
920992	20	 4971
921040	14	 2076
921136	13	 14118
921660	12	 4602
921670	19	 4653
921777	15	 3357
930910	18	 1878
930992	20	 4971
931040	14	 2076
931136	13	 14118
931660	12	 4602
931670	19	 4653
931777	15	 3357
940910	18	 1878
940992	20	 4971
941040	14	 2076
941136	13	 14118
941660	12	 4602
941670	19	 4653
941777	15	 3357
950910	18	 1878
950992	20	 4971
951040	14	 2076
951136	13	 14118
951660	12	 4602
951670	19	 4653
951777	15	 3357
960910	18	 1878
960992	20	 4971
961040	14	 2076
961136	13	 14118
961660	12	 4602
961670	19	 4653
961777	15	 3357
970913	18	 1878
970992	20	 4971
971040	14	 2076
971136	13	 14118
971660	12	 4602
971670	19	 4653
971777	15	 3357
980910	18	 1878
980992	20	 4971
981040	14	 2076
981136	13	 14118
981660	12	 4602
981670	19	 4653
981777	15	 3357
990910	18	 1878
990992	20	 4971
991040	14	 2076
991136	13	 14118
991660	12	 4602
991670	19	 4653
991777	15	 3357
1000910	18	 1878
1000992	20	 4971
1001040	14	 2076
1001136	13	 14118
1001660	12	 4602
1001670	19	 4653
1001777	15	 3357
1010910	18	 1878
1010992	20	 4971
1011040	14	 2076
1011136	13	 14118
1011660	12	 4602
1011670	19	 4653
1011777	15	 3357
1020910	18	 1878
1020992	20	 4971
1021040	14	 2076
1021136	13	 14118
1021660	12	 4602
1021670	19	 4653
1021777	15	 3357
1030910	18	 1878
1030992	20	 4971
1031040	14	 2076
1031136	13	 14118
1031660	12	 4602
1031670	19	 4653
1031777	15	 3357
1040910	18	 1878
1040992	20	 4971
1041040	14	 2076
1041136	13	 14118
1041660	12	 4602
1041670	19	 4653
1041777	15	 3357
1050910	18	 1878
1050992	20	 4971
1051040	14	 2076
1051136	13	 14118
1051660	12	 4602
1051670	19	 4653
1051777	15	 3357
1060910	18	 1878
1060992	20	 4971
1061040	14	 2076
1061136	13	 14118
1061660	12	 4602
1061670	19	 4653
1061777	15	 3357
1070910	18	 1878
1070992	20	 4971
1071040	14	 2076
1071136	13	 14118
1071660	12	 4602
1071670	19	 4653
1071777	15	 3357
1080910	18	 1878
1080992	20	 4971
1081040	14	 2076
1081136	13	 14118
1081660	12	 4602
1081670	19	 4653
1081777	15	 3357
1090910	18	 1878
1090992	20	 4971
1091040	14	 2076
1091136	13	 14118
1091660	12	 4602
1091670	19	 4653
1091777	15	 3357
1100910	18	 1878
1100992	20	 4971
1101040	14	 2076
1101136	13	 14118
1101660	12	 4602
1101670	19	 4653
1101777	15	 3357
1110910	18	 1878
1110992	20	 4971
1111040	14	 2076
1111136	13	 14118
1111660	12	 4602
1111670	19	 4653
1111777	15	 3357
1120910	18	 1878
1120992	20	 4971
1121040	14	 2076
1121136	13	 14118
1121660	12	 4602
1121670	19	 4653
1121777	15	 3357
1130910	18	 1878
1130992	20	 4971
1131040	14	 2076
1131136	13	 14118
1131660	12	 4602
1131670	19	 4653
1131777	15	 3357
1140910	18	 1878
1140992	20	 4971
1141040	14	 2076
1141136	13	 14118
1141660	12	 4602
1141670	19	 4653
1141777	15	 3357
1150910	18	 1878
1150992	20	 4971
1151040	14	 2076
1151136	13	 14118
1151660	12	 4602
1151670	19	 4653
1151777	15	 3357
1160910	18	 1878
1160992	20	 4971
1161040	14	 2076
1161136	13	 14118
1161660	12	 4602
1161670	19	 4653
1161777	15	 3357
1170910	18	 1878
1170992	20	 4971
1171040	14	 2076
1171136	13	 14118
1171660	12	 4602
1171670	19	 4653
1171777	15	 3357
1180910	18	 1878
1180992	20	 4971
1181040	14	 2076
1181136	13	 14118
1181660	12	 4602
1181670	19	 4653
1181777	15	 3357
1190910	18	 1878
1190992	20	 4971
1191040	14	 2076
1191136	13	 14118
1191660	12	 4602
1191670	19	 4653
1191777	15	 3357
1200910	18	 1878
1200992	20	 4971
1201040	14	 2076
1201136	13	 14118
1201660	12	 4602
1201670	19	 4653
1201777	15	 3357
1210910	18	 1878
1210992	20	 4971
1211040	14	 2076
1211136	13	 14118
1211660	12	 4602
1211670	19	 4653
1211777	15	 3357
1220910	18	 1878
1220992	20	 4971
1221040	14	 2076
1221136	13	 14118
1221660	12	 4602
1221670	19	 4653
1221777	15	 3357
1230910	18	 1878
1230992	20	 4971
1231040	14	 2076
1231136	13	 14118
1231660	12	 4602
1231670	19	 4653
1231777	15	 3357
1240910	18	 1878
1240992	20	 4971
1241040	14	 2076
1241136	13	 14118
1241660	12	 4602
1241670	19	 4653
1241777	15	 3357
1250910	18	 1878
1250992	20	 4971
1251040	14	 2076
1251137	13	 14118
1251349	16	 135976
1251363	16	 127866
1251376	16	 122460
1251390	16	 118855
1251403	16	 116452
1251417	16	 114850
1251431	16	 113782
1251444	16	 113070
1251458	16	 112596
1251471	16	 112280
1251485	16	 112069
1251499	16	 111928
1251512	16	 111834
1251526	16	 111772
1251539	16	 111730
1251553	16	 111702
1251567	16	 111684
1251580	16	 111672
1251594	16	 111664
1251608	16	 111658
1251621	16	 111654
1251635	16	 111652
1251648	16	 111650
1251660	12	 4602
1251668	16	 111649
1251777	15	 3357
1260910	18	 1878
1260992	20	 4971
1261040	14	 2076
1261136	13	 14118
1261660	12	 4602
1261777	15	 3357
1270910	18	 1878
1270992	20	 4971
1271040	14	 2076
1271136	13	 14118
1271660	12	 4602
1271777	15	 3357
1280910	18	 1878
1280992	20	 4971
1281040	14	 2076
1281136	13	 14118
1281660	12	 4602
1281777	15	 3357
1288311	19	 9353
1288325	19	 8832
1288340	19	 8485
1288355	19	 8253
1290910	18	 1878
1290992	20	 4971
1291040	14	 2076
1291136	13	 14118
1291660	12	 4602
1291670	19	 8099
1291777	15	 3357
1300910	18	 1878
1300992	20	 4971
1301040	14	 2076
1301136	13	 14118
1301660	12	 4602
1301670	19	 7996
1301777	15	 3357
1310910	18	 1878
1310992	20	 4971
1311040	14	 2076
1311136	13	 14118
1311660	12	 4602
1311670	19	 7927
1311777	15	 3357
1320910	18	 1878
1320992	20	 4971
1321040	14	 2076
1321136	13	 14118
1321660	12	 4602
1321670	19	 7881
1321777	15	 3357
1330910	18	 1878
1330992	20	 4971
1331040	14	 2076
1331136	13	 14118
1331660	12	 4602
1331670	19	 7851
1331777	15	 3357
1340910	18	 1878
1340992	20	 4971
1341040	14	 2076
1341136	13	 14118
1341660	12	 4602
1341670	19	 7831
1341777	15	 3357
1350910	18	 1878
1350992	20	 4971
1351040	14	 2076
1351136	13	 14118
1351660	12	 4602
1351672	19	 7817
1351777	15	 3357
1360910	18	 1878
1360992	20	 4971
1361040	14	 2076
1361136	13	 14118
1361660	12	 4602
1361670	19	 7808
1361777	15	 3357
1370910	18	 1878
1370992	20	 4971
1371040	14	 2076
1371136	13	 14118
1371660	12	 4602
1371670	19	 7802
1371777	15	 3357
1380910	18	 1878
1380992	20	 4971
1381040	14	 2076
1381136	13	 14118
1381660	12	 4602
1381670	19	 7798
1381777	15	 3357
1390910	18	 1878
1390992	20	 4971
1391040	14	 2076
1391136	13	 14118
1391660	12	 4602
1391670	19	 7795
1391777	15	 3357
1400910	18	 1878
1400992	20	 4971
1401040	14	 2076
1401136	13	 14118
1401660	12	 4602
1401670	19	 7793
1401777	15	 3357
1410910	18	 1878
1410992	20	 4971
1411040	14	 2076
1411136	13	 14118
1411660	12	 4602
1411670	19	 7792
1411777	15	 3357
1420910	18	 1878
1420992	20	 4971
1421040	14	 2076
1421136	13	 14118
1421660	12	 4602
1421670	19	 7791
1421777	15	 3357
1430910	18	 1878
1430992	20	 4971
1431040	14	 2076
1431137	13	 14118
1431660	12	 4602
1431670	19	 7791
1431777	15	 3357
1440910	18	 1878
1440992	20	 4971
1441040	14	 2076
1441136	13	 14118
1441660	12	 4602
1441670	19	 7791
1441777	15	 3357
1450910	18	 1878
1450992	20	 4971
1451040	14	 2076
1451136	13	 14118
1451660	12	 4602
1451670	19	 7791
1451781	15	 3357
1460910	18	 1878
1460992	20	 4971
1461040	14	 2076
1461136	13	 14118
1461660	12	 4602
1461670	19	 7791
1461777	15	 3357
1470910	18	 1878
1470992	20	 4971
1471040	14	 2076
1471136	13	 14118
1471660	12	 4602
1471670	19	 7791
1471777	15	 3357
1480910	18	 1878
1481040	14	 2076
1481136	13	 14118
1481660	12	 4602
1481670	19	 7791
1481777	15	 3357
1490910	18	 1878
1491040	14	 2076
1491136	13	 14118
1491660	12	 4602
1491670	19	 7791
1491777	15	 3357
1500910	18	 1878
1501040	14	 2076
1501136	13	 14118
1501660	12	 4602
1501670	19	 7791
1501777	15	 3357
1510910	18	 1878
1511040	14	 2076
1511136	13	 14118
1511660	12	 4602
1511670	19	 7791
1511777	15	 3357
1520883	20	 10119
1520896	20	 9552
1521040	14	 2076
1521136	13	 14118
1521660	12	 4602
1521670	19	 7791
1521777	15	 3357
1531044	14	 2076
1531137	13	 14118
1531660	12	 4602
1531670	19	 7791
1531777	15	 3357
1541027	18	 4682
1541136	13	 14118
1541660	12	 4602
1541670	19	 7791
1541777	15	 3357
1551136	13	 14118
1551660	12	 4602
1551670	19	 7791
1551777	15	 3357
1558806	14	 4414
1558820	14	 4161
1561040	14	 3993
1561136	13	 14118
1561660	12	 4602
1561670	19	 7791
1561777	15	 3357
1571040	14	 3881
1571136	13	 14118
1571660	12	 4602
1571670	19	 7791
1571777	15	 3357
1581040	14	 3806
1581136	13	 14118
1581660	12	 4602
1581670	19	 7791
1581777	15	 3357
1591040	14	 3756
1591136	13	 14118
1591306	18	 10839
1591320	18	 9934
1591335	18	 9330
1591349	18	 8928
1591363	18	 8660
1591377	18	 8481
1591392	18	 8362
1591660	12	 4602
1591670	19	 7791
1591777	15	 3357
1600910	18	 8282
1601040	14	 3723
1601136	13	 14118
1601660	12	 4602
1601670	19	 7791
1601777	15	 3357
1610910	18	 8229
1611040	14	 3701
1611136	13	 14118
1611430	20	 20679
1611443	20	 19140
1611456	20	 18114
1611469	20	 17430
1611482	20	 16974
1611496	20	 16669
1611509	20	 16466
1611522	20	 16331
1611535	20	 16241
1611549	20	 16181
1611562	20	 16141
1611575	20	 16114
1611660	12	 4602
1611670	19	 7791
1611777	15	 3357
1620910	18	 8194
1620992	20	 16096
1621040	14	 3686
1621136	13	 14118
1621660	12	 4602
1621670	19	 7791
1621777	15	 3357
1630910	18	 8170
1630992	20	 16084
1631040	14	 3676
1631136	13	 14118
1631660	12	 4602
1631670	19	 7791
1631777	15	 3357
1640910	18	 8154
1640992	20	 16076
1641040	14	 3669
1641136	13	 14118
1641660	12	 4602
1641670	19	 7791
1641777	15	 3357
1650910	18	 8144
1650992	20	 16071
1651040	14	 3665
1651136	13	 14118
1651660	12	 4602
1651670	19	 7791
1651777	15	 3357
1660910	18	 8137
1660992	20	 16068
1661040	14	 3662
1661136	13	 14118
1661660	12	 4602
1661670	19	 7791
1661777	15	 3357
1670910	18	 8132
1670992	20	 16066
1671040	14	 3660
1671136	13	 14118
1671660	12	 4602
1671670	19	 7791
1671777	15	 3357
1680910	18	 8129
1680992	20	 16064
1681040	14	 3659
1681136	13	 14118
1681660	12	 4602
1681670	19	 7791
1681777	15	 3357
1690910	18	 8127
1690992	20	 16063
1691040	14	 3658
1691136	13	 14118
1691660	12	 4602
1691670	19	 7791
1691777	15	 3357
1700910	18	 8126
1700992	20	 16062
1701040	14	 3657
1701136	13	 14118
1701660	12	 4602
1701670	19	 7791
1701777	15	 3357
1710910	18	 8125
1710992	20	 16062
1711040	14	 3657
1711136	13	 14118
1711660	12	 4602
1711670	19	 7791
1711777	15	 3357
1720910	18	 8124
1720992	20	 16062
1721040	14	 3657
1721136	13	 14118
1721660	12	 4602
1721670	19	 7791
1721777	15	 3357
1730910	18	 8124
1730992	20	 16062
1731040	14	 3657
1731136	13	 14118
1731660	12	 4602
1731670	19	 7791
1731777	15	 3357
1740910	18	 8124
1740992	20	 16062
1741040	14	 3657
1741137	13	 14118
1741660	12	 4602
1741670	19	 7791
1741777	15	 3357
1750910	18	 8124
1750992	20	 16062
1751040	14	 3657
1751136	13	 14118
1751660	12	 4602
1751670	19	 7791
1751777	15	 3357
1760910	18	 8124
1760992	20	 16062
1761040	14	 3657
1761136	13	 14118
1761660	12	 4602
1761670	19	 7791
1761777	15	 3357
1770910	18	 8124
1770992	20	 16062
1771040	14	 3657
1771136	13	 14118
1771660	12	 4602
1771670	19	 7791
1771777	15	 3357
1780914	18	 8124
1780992	20	 16062
1781040	14	 3657
1781136	13	 14118
1781660	12	 4602
1781670	19	 7791
1781777	15	 3357
1790910	18	 8124
1790992	20	 16062
1791040	14	 3657
1791136	13	 14118
1791660	12	 4602
1791670	19	 7791
1791777	15	 3357
1800910	18	 8124
1800992	20	 16062
1801040	14	 3657
1801136	13	 14118
1801660	12	 4602
1801670	19	 7791
1801777	15	 3357
1810910	18	 8124
1810992	20	 16062
1811040	14	 3657
1811136	13	 14118
1811660	12	 4602
1811670	19	 7791
1811777	15	 3357
1820910	18	 8124
1820992	20	 16062
1821040	14	 3657
1821136	13	 14118
1821660	12	 4602
1821670	19	 7791
1821777	15	 3357
1830910	18	 8124
1830992	20	 16062
1831040	14	 3657
1831136	13	 14118
1831660	12	 4602
1831670	19	 7791
1831777	15	 3357
1840910	18	 8124
1840992	20	 16062
1841040	14	 3657
1841136	13	 14118
1841660	12	 4602
1841670	19	 7791
1841777	15	 3357
1850910	18	 8124
1850992	20	 16062
1851040	14	 3657
1851136	13	 14118
1851660	12	 4602
1851670	19	 7791
1851777	15	 3357
1860913	18	 8124
1860992	20	 16062
1861040	14	 3657
1861136	13	 14118
1861660	12	 4602
1861670	19	 7791
1861777	15	 3357
1870910	18	 8124
1870992	20	 16062
1871040	14	 3657
1871136	13	 14118
1871660	12	 4602
1871670	19	 7791
1871777	15	 3357
1880910	18	 8124
1880992	20	 16062
1881040	14	 3657
1881136	13	 14118
1881660	12	 4602
1881670	19	 7791
1881777	15	 3357
1890910	18	 8124
1890992	20	 16062
1891040	14	 3657
1891136	13	 14118
1891660	12	 4602
1891670	19	 7791
1891777	15	 3357
1900910	18	 8124
1900992	20	 16062
1901040	14	 3657
1901136	13	 14118
1901660	12	 4602
1901670	19	 7791
1901777	15	 3357
1910910	18	 8124
1910992	20	 16062
1911040	14	 3657
1911136	13	 14118
1911660	12	 4602
1911670	19	 7791
1911777	15	 3357
1920910	18	 8124
1920992	20	 16062
1921040	14	 3657
1921136	13	 14118
1921660	12	 4602
1921670	19	 7791
1921777	15	 3357
1930910	18	 8124
1930992	20	 16062
1931040	14	 3657
1931136	13	 14118
1931660	12	 4602
1931670	19	 7791
1931777	15	 3357
1940910	18	 8124
1940992	20	 16062
1941040	14	 3657
1941136	13	 14118
1941660	12	 4602
1941670	19	 7791
1941777	15	 3357
1950910	18	 8124
1950992	20	 16062
1951040	14	 3657
1951136	13	 14118
1951660	12	 4602
1951670	19	 7791
1951777	15	 3357
1960910	18	 8124
1960992	20	 16062
1961040	14	 3657
1961136	13	 14118
1961660	12	 4602
1961670	19	 7791
1961777	15	 3357
1970914	18	 8124
1970992	20	 16062
1971040	14	 3657
1971136	13	 14118
1971660	12	 4602
1971670	19	 7791
1971777	15	 3357
1980910	18	 8124
1980992	20	 16062
1981040	14	 3657
1981136	13	 14118
1981660	12	 4602
1981670	19	 7791
1981777	15	 3357
1990910	18	 8124
1990992	20	 16062
1991040	14	 3657
1991136	13	 14118
1991660	12	 4602
1991670	19	 7791
1991777	15	 3357
2000910	18	 8124
2000992	20	 16062
2001040	14	 3657
2001136	13	 14118
2001660	12	 4602
2001670	19	 7791
2001777	15	 3357
2010910	18	 8124
2010992	20	 16062
2011040	14	 3657
2011136	13	 14118
2011660	12	 4602
2011670	19	 7791
2011781	15	 3357
2020910	18	 8124
2020992	20	 16062
2021040	14	 3657
2021136	13	 14118
2021660	12	 4602
2021670	19	 7791
2021777	15	 3357
2030910	18	 8124
2030992	20	 16062
2031040	14	 3657
2031136	13	 14118
2031660	12	 4602
2031670	19	 7791
2031777	15	 3357
2040910	18	 8124
2040992	20	 16062
2041040	14	 3657
2041136	13	 14118
2041660	12	 4602
2041670	19	 7791
2041777	15	 3357
2050910	18	 8124
2050992	20	 16062
2051040	14	 3657
2051136	13	 14118
2051660	12	 4602
2051670	19	 7791
2051777	15	 3357
2060910	18	 8124
2060992	20	 16062
2061040	14	 3657
2061136	13	 14118
2061660	12	 4602
2061670	19	 7791
2061777	15	 3357
2070910	18	 8124
2070992	20	 16062
2071040	14	 3657
2071136	13	 14118
2071660	12	 4602
2071670	19	 7791
2071777	15	 3357
2080910	18	 8124
2080992	20	 16062
2081040	14	 3657
2081136	13	 14118
2081660	12	 4602
2081670	19	 7791
2081777	15	 3357
2090910	18	 8124
2090992	20	 16062
2091040	14	 3657
2091136	13	 14118
2091660	12	 4602
2091670	19	 7791
2091777	15	 3357
2100910	18	 8124
2100992	20	 16062
2101040	14	 3657
2101136	13	 14118
2101660	12	 4602
2101670	19	 7791
2101777	15	 3357
2110910	18	 8124
2110992	20	 16062
2111040	14	 3657
2111136	13	 14118
2111660	12	 4602
2111670	19	 7791
2111777	15	 3357
2120910	18	 8124
2120992	20	 16062
2121040	14	 3657
2121136	13	 14118
2121660	12	 4602
2121670	19	 7791
2121777	15	 3357
2130910	18	 8124
2130992	20	 16062
2131040	14	 3657
2131136	13	 14118
2131660	12	 4602
2131670	19	 7791
2131777	15	 3357
2140910	18	 8124
2140992	20	 16062
2141040	14	 3657
2141136	13	 14118
2141660	12	 4602
2141670	19	 7791
2141777	15	 3357
2146198	16	 227094
2146212	16	 214372
2146225	16	 205890
2146239	16	 200236
2146253	16	 196466
2146283	16	 193954
2146297	16	 192278
2146311	16	 191161
2146324	16	 190416
2146338	16	 189920
2146352	16	 189589
2146365	16	 189368
2146379	16	 189221
2146392	16	 189123
2146406	16	 189058
2146420	16	 189014
2146433	16	 188985
2146447	16	 188966
2146461	16	 188953
2146474	16	 188944
2146488	16	 188938
2146501	16	 188934
2146515	16	 188931
2146529	16	 188930
2146542	16	 188929
2146556	16	 188928
2146569	16	 188927
2146583	16	 188927
2146596	16	 188927
2146610	16	 188927
2146624	16	 188927
2146637	16	 188927
2146651	16	 188927
2146664	16	 188927
2146678	16	 188927
2146692	16	 188927
2146705	16	 188927
2146719	16	 188927
2146733	16	 188927
2146746	16	 188927
2146760	16	 188927
2146773	16	 188927
2146787	16	 188927
2146801	16	 188927
2146814	16	 188927
2146828	16	 188927
2146841	16	 188927
2146855	16	 188927
2146869	16	 188927
2146882	16	 188927
2146896	16	 188927
2146909	16	 188927
2146923	16	 188927
2146937	16	 188927
2146950	16	 188927
2146964	16	 188927
2146977	16	 188927
2146991	16	 188927
2147005	16	 188927
2147018	16	 188927
2147032	16	 188927
2147045	16	 188927
2147059	16	 188927
2147073	16	 188927
2147086	16	 188927
2147100	16	 188927
2147121	16	 167936
2147134	16	 167936
2147148	16	 167936
2147162	16	 167936
2147175	16	 167936
2147189	16	 167936
2147202	16	 167936
2147216	16	 167936
2147230	16	 167936
2147243	16	 167936
2147257	16	 167936
2147287	16	 149279
2147300	16	 149279
2147314	16	 149279
2147328	16	 149279
2147341	16	 149279
2147355	16	 149279
2147369	16	 149279
2147382	16	 149279
2147396	16	 149279
2147409	16	 149279
2147423	16	 149279
2147437	16	 149279
2147450	16	 149279
2147464	16	 149279
2147477	16	 149279
2147491	16	 149279
2147505	16	 149279
2147518	16	 149279
2147532	16	 149279
2147545	16	 149279
2147559	16	 149279
2147573	16	 149279
2147586	16	 149279
2147600	16	 149279
2147613	16	 149279
2147627	16	 149279
2147641	16	 149279
2147654	16	 149279
2147668	16	 149279
2147681	16	 149279
2147695	16	 149279
2147709	16	 149279
2147722	16	 149279
2147736	16	 149279
2147750	16	 149279
2147763	16	 149279
2147777	16	 149279
2147790	16	 149279
2147804	16	 149279
2147818	16	 149279
2147831	16	 149279
2147845	16	 149279
2147858	16	 149279
2147872	16	 149279
2147886	16	 149279
2147899	16	 149279
2150910	18	 8124
2150992	20	 16062
2151040	14	 3657
2151660	12	 4602
2151670	19	 7791
2151777	15	 3357
2160910	18	 8124
2160992	20	 16062
2161040	14	 3657
2161660	12	 4602
2161670	19	 7791
2161777	15	 3357
2170910	18	 8124
2170992	20	 16062
2171040	14	 3657
2171660	12	 4602
2171670	19	 7791
2171777	15	 3357
2180910	18	 8124
2180992	20	 16062
2181040	14	 3657
2181660	12	 4602
2181670	19	 7791
2181777	15	 3357
2190910	18	 8124
2190992	20	 16062
2191040	14	 3657
2191660	12	 4602
2191670	19	 7791
2191777	15	 3357
2200910	18	 8124
2200992	20	 16062
2201040	14	 3657
2201660	12	 4602
2201670	19	 7791
2201777	15	 3357
2210910	18	 8124
2210992	20	 16062
2211040	14	 3657
2211660	12	 4602
2211670	19	 7791
2211777	15	 3357
2220910	18	 8124
2220992	20	 16062
2221040	14	 3657
2221660	12	 4602
2221670	19	 7791
2221777	15	 3357
2230910	18	 8124
2230992	20	 16062
2231040	14	 3657
2231660	12	 4602
2231670	19	 7791
2231777	15	 3357
2240910	18	 8124
2240992	20	 16062
2241040	14	 3657
2241660	12	 4602
2241670	19	 7791
2241777	15	 3357
2250910	18	 8124
2250992	20	 16062
2251040	14	 3657
2251660	12	 4602
2251670	19	 7791
2251777	15	 3357
2260910	18	 8124
2260992	20	 16062
2261040	14	 3657
2261660	12	 4602
2261670	19	 7791
2261777	15	 3357
2270910	18	 8124
2270992	20	 16062
2271040	14	 3657
2271660	12	 4602
2271670	19	 7791
2271777	15	 3357
2280910	18	 8124
2280992	20	 16062
2281040	14	 3657
2281660	12	 4602
2281670	19	 7791
2281777	15	 3357
2290682	13	 33226
2290696	13	 31241
2290709	13	 29918
2290723	13	 29036
2290737	13	 28448
2290750	13	 28056
2290764	13	 27794
2290777	13	 27620
2290791	13	 27504
2290805	13	 27427
2290818	13	 27375
2290832	13	 27341
2290845	13	 27318
2290859	13	 27303
2290910	18	 8124
2290992	20	 16062
2291040	14	 3657
2291136	13	 27293
2291660	12	 4602
2291670	19	 7791
2291777	15	 3357
2300910	18	 8124
2300992	20	 16062
2301040	14	 3657
2301136	13	 27286
2301660	12	 4602
2301670	19	 7791
2301777	15	 3357
2310910	18	 8124
2310992	20	 16062
2311040	14	 3657
2311136	13	 27281
2311660	12	 4602
2311670	19	 7791
2311777	15	 3357
2320910	18	 8124
2320992	20	 16062
2321040	14	 3657
2321136	13	 27278
2321660	12	 4602
2321670	19	 7791
2321777	15	 3357
2330992	20	 16062
2331040	14	 3657
2331136	13	 27276
2331660	12	 4602
2331670	19	 7791
2331777	15	 3357
2340992	20	 16062
2341040	14	 3657
2341136	13	 27275
2341660	12	 4602
2341670	19	 7791
2341777	15	 3357
2350992	20	 16062
2351040	14	 3657
2351136	13	 27274
2351660	12	 4602
2351670	19	 7791
2351777	15	 3357
2360992	20	 16062
2361040	14	 3657
2361136	13	 27273
2361660	12	 4602
2361670	19	 7791
2361777	15	 3357
2370992	20	 16062
2371040	14	 3657
2371136	13	 27273
2371660	12	 4602
2371670	19	 7791
2371777	15	 3357
2380992	20	 16062
2381040	14	 3657
2381136	13	 27273
2381660	12	 4602
2381670	19	 7791
2381777	15	 3357
2390992	20	 16062
2391040	14	 3657
2391136	13	 27273
2391660	12	 4602
2391670	19	 7791
2391777	15	 3357
2400992	20	 16062
2401040	14	 3657
2401136	13	 27273
2401660	12	 4602
2401670	19	 7791
2401777	15	 3357
2410992	20	 16062
2411040	14	 3657
2411136	13	 27273
2411660	12	 4602
2411670	19	 7791
2411777	15	 3357
2416363	18	 19998
2416377	18	 18783
2416392	18	 17973
2416406	18	 17433
2416420	18	 17072
2416435	18	 16832
2416449	18	 16672
2416464	18	 16565
2416478	18	 16494
2420910	18	 16447
2420992	20	 16062
2421040	14	 3657
2421136	13	 27273
2421660	12	 4602
2421670	19	 7791
2421777	15	 3357
2430910	18	 16415
2430992	20	 16062
2431040	14	 3657
2431136	13	 27273
2431660	12	 4602
2431670	19	 7791
2431777	15	 3357
2440910	18	 16394
2440992	20	 16062
2441040	14	 3657
2441136	13	 27273
2441660	12	 4602
2441670	19	 7791
2441777	15	 3357
2450910	18	 16380
2450992	20	 16062
2451040	14	 3657
2451136	13	 27273
2451660	12	 4602
2451670	19	 7791
2451777	15	 3357
2460910	18	 16371
2460992	20	 16062
2461040	14	 3657
2461136	13	 27273
2461660	12	 4602
2461670	19	 7791
2461777	15	 3357
2470910	18	 16365
2470992	20	 16062
2471040	14	 3657
2471136	13	 27273
2471660	12	 4602
2471670	19	 7791
2471777	15	 3357
2480910	18	 16361
2480992	20	 16062
2481044	14	 3657
2481136	13	 27273
2481660	12	 4602
2481670	19	 7791
2481777	15	 3357
2490910	18	 16358
2490992	20	 16062
2491040	14	 3657
2491136	13	 27273
2491660	12	 4602
2491670	19	 7791
2491777	15	 3357
2500910	18	 16356
2500992	20	 16062
2501040	14	 3657
2501136	13	 27273
2501660	12	 4602
2501670	19	 7791
2501777	15	 3357
2510910	18	 16355
2510992	20	 16062
2511040	14	 3657
2511136	13	 27273
2511660	12	 4602
2511670	19	 7791
2511777	15	 3357
2520910	18	 16354
2520992	20	 16062
2521040	14	 3657
2521136	13	 27273
2521660	12	 4602
2521670	19	 7791
2521777	15	 3357
2530910	18	 16353
2530992	20	 16062
2531040	14	 3657
2531136	13	 27273
2531660	12	 4602
2531670	19	 7791
2531777	15	 3357
2540910	18	 16353
2540992	20	 16062
2541040	14	 3657
2541137	13	 27273
2541660	12	 4602
2541670	19	 7791
2541780	15	 3357
2550910	18	 16353
2550992	20	 16062
2551040	14	 3657
2551136	13	 27273
2551660	12	 4602
2551670	19	 7791
2551777	15	 3357
2560910	18	 16353
2560992	20	 16062
2561040	14	 3657
2561136	13	 27273
2561660	12	 4602
2561670	19	 7791
2561777	15	 3357
2570910	18	 16353
2570992	20	 16062
2571040	14	 3657
2571136	13	 27273
2571660	12	 4602
2571670	19	 7791
2571777	15	 3357
2580910	18	 16353
2580992	20	 16062
2581040	14	 3657
2581136	13	 27273
2581660	12	 4602
2581670	19	 7791
2581777	15	 3357
2590910	18	 16353
2590992	20	 16062
2591040	14	 3657
2591136	13	 27273
2591660	12	 4602
2591670	19	 7791
2591777	15	 3357
2600910	18	 16353
2600992	20	 16062
2601040	14	 3657
2601136	13	 27273
2601660	12	 4602
2601670	19	 7791
2601777	15	 3357
2610910	18	 16353
2610992	20	 16062
2611040	14	 3657
2611136	13	 27273
2611660	12	 4602
2611670	19	 7791
2611777	15	 3357
2620910	18	 16353
2620992	20	 16062
2621040	14	 3657
2621136	13	 27273
2621660	12	 4602
2621670	19	 7791
2621777	15	 3357
2630910	18	 16353
2630992	20	 16062
2631040	14	 3657
2631136	13	 27273
2631660	12	 4602
2631670	19	 7791
2631777	15	 3357
2640910	18	 16353
2640992	20	 16062
2641040	14	 3657
2641136	13	 27273
2641660	12	 4602
2641670	19	 7791
2641777	15	 3357
2650910	18	 16353
2650992	20	 16062
2651044	14	 3657
2651136	13	 27273
2651660	12	 4602
2651670	19	 7791
2651777	15	 3357
2660910	18	 16353
2660992	20	 16062
2661040	14	 3657
2661136	13	 27273
2661660	12	 4602
2661670	19	 7791
2661777	15	 3357
2670910	18	 16353
2670992	20	 16062
2671040	14	 3657
2671136	13	 27273
2671660	12	 4602
2671670	19	 7791
2671777	15	 3357
2680910	18	 16353
2680992	20	 16062
2681040	14	 3657
2681136	13	 27273
2681660	12	 4602
2681670	19	 7791
2681777	15	 3357
2690910	18	 16353
2690992	20	 16062
2691040	14	 3657
2691136	13	 27273
2691660	12	 4602
2691670	19	 7791
2691777	15	 3357
2700910	18	 16353
2700992	20	 16062
2701040	14	 3657
2701136	13	 27273
2701660	12	 4602
2701670	19	 7791
2701777	15	 3357
2710910	18	 16353
2710992	20	 16062
2711040	14	 3657
2711136	13	 27273
2711660	12	 4602
2711670	19	 7791
2711777	15	 3357
2720910	18	 16353
2720992	20	 16062
2721040	14	 3657
2721136	13	 27273
2721660	12	 4602
2721670	19	 7791
2721777	15	 3357
2730910	18	 16353
2730992	20	 16062
2731040	14	 3657
2731136	13	 27273
2731660	12	 4602
2731671	19	 7791
2731777	15	 3357
2740910	18	 16353
2740992	20	 16062
2741040	14	 3657
2741136	13	 27273
2741660	12	 4602
2741670	19	 7791
2741777	15	 3357
2750910	18	 16353
2750992	20	 16062
2751040	14	 3657
2751136	13	 27273
2751660	12	 4602
2751670	19	 7791
2751777	15	 3357
2760910	18	 16353
2760992	20	 16062
2761040	14	 3657
2761136	13	 27273
2761660	12	 4602
2761670	19	 7791
2761777	15	 3357
2770910	18	 16353
2770992	20	 16062
2771040	14	 3657
2771136	13	 27273
2771660	12	 4602
2771670	19	 7791
2771777	15	 3357
2780910	18	 16353
2780992	20	 16062
2781040	14	 3657
2781136	13	 27273
2781660	12	 4602
2781670	19	 7791
2781777	15	 3357
2790910	18	 16353
2790992	20	 16062
2791040	14	 3657
2791136	13	 27273
2791660	12	 4602
2791670	19	 7791
2791777	15	 3357
2800910	18	 16353
2800992	20	 16062
2801040	14	 3657
2801136	13	 27273
2801660	12	 4602
2801670	19	 7791
2801777	15	 3357
2810910	18	 16353
2810992	20	 16062
2811040	14	 3657
2811136	13	 27273
2811660	12	 4602
2811670	19	 7791
2811777	15	 3357
2820910	18	 16353
2820992	20	 16062
2821040	14	 3657
2821136	13	 27273
2821660	12	 4602
2821670	19	 7791
2821777	15	 3357
2830910	18	 16353
2830992	20	 16062
2831040	14	 3657
2831136	13	 27273
2831660	12	 4602
2831670	19	 7791
2831777	15	 3357
2840910	18	 16353
2840992	20	 16062
2841040	14	 3657
2841136	13	 27273
2841660	12	 4602
2841670	19	 7791
2841777	15	 3357
2850910	18	 16353
2850992	20	 16062
2851040	14	 3657
2851136	13	 27273
2851660	12	 4602
2851670	19	 7791
2851777	15	 3357
2860910	18	 16353
2860992	20	 16062
2861040	14	 3657
2861136	13	 27273
2861660	12	 4602
2861670	19	 7791
2861777	15	 3357
2870910	18	 16353
2870992	20	 16062
2871040	14	 3657
2871136	13	 27273
2871660	12	 4602
2871670	19	 7791
2871777	15	 3357
2880910	18	 16353
2880992	20	 16062
2881040	14	 3657
2881136	13	 27273
2881660	12	 4602
2881670	19	 7791
2881777	15	 3357
2890910	18	 16353
2890992	20	 16062
2891040	14	 3657
2891136	13	 27273
2891660	12	 4602
2891670	19	 7791
2891777	15	 3357
2900910	18	 16353
2900992	20	 16062
2901040	14	 3657
2901136	13	 27273
2901660	12	 4602
2901670	19	 7791
2901777	15	 3357
2910910	18	 16353
2910992	20	 16062
2911040	14	 3657
2911136	13	 27273
2911660	12	 4602
2911670	19	 7791
2911781	15	 3357
2920910	18	 16353
2920992	20	 16062
2921040	14	 3657
2921136	13	 27273
2921660	12	 4602
2921670	19	 7791
2921777	15	 3357
2930910	18	 16353
2930992	20	 16062
2931040	14	 3657
2931136	13	 27273
2931660	12	 4602
2931670	19	 7791
2931777	15	 3357
2940910	18	 16353
2940992	20	 16062
2941040	14	 3657
2941136	13	 27273
2941660	12	 4602
2941670	19	 7791
2941777	15	 3357
2950910	18	 16353
2950992	20	 16062
2951040	14	 3657
2951136	13	 27273
2951660	12	 4602
2951670	19	 7791
2951777	15	 3357
2960910	18	 16353
2960992	20	 16062
2961040	14	 3657
2961136	13	 27273
2961660	12	 4602
2961670	19	 7791
2961777	15	 3357
2970910	18	 16353
2970992	20	 16062
2971040	14	 3657
2971136	13	 27273
2971660	12	 4602
2971670	19	 7791
2971777	15	 3357
2980910	18	 16353
2980992	20	 16062
2981040	14	 3657
2981136	13	 27273
2981660	12	 4602
2981670	19	 7791
2981777	15	 3357
2990910	18	 16353
2990992	20	 16062
2991040	14	 3657
2991136	13	 27273
2991660	12	 4602
2991670	19	 7791
2991777	15	 3357
3000910	18	 16353
3000992	20	 16062
3001040	14	 3657
3001136	13	 27273
3001660	12	 4602
3001670	19	 7791
3001777	15	 3357
3010910	18	 16353
3010992	20	 16062
3011040	14	 3657
3011136	13	 27273
3011660	12	 4602
3011670	19	 7791
3011777	15	 3357
3020910	18	 16353
3020992	20	 16062
3021040	14	 3657
3021136	13	 27273
3021660	12	 4602
3021670	19	 7791
3021777	15	 3357
3030910	18	 16353
3030992	20	 16062
3031040	14	 3657
3031136	13	 27273
3031660	12	 4602
3031670	19	 7791
3031777	15	 3357
3040910	18	 16353
3040992	20	 16062
3041040	14	 3657
3041136	13	 27273
3041660	12	 4602
3041670	19	 7791
3041777	15	 3357
3050910	18	 16353
3050992	20	 16062
3051040	14	 3657
3051136	13	 27273
3051660	12	 4602
3051670	19	 7791
3051777	15	 3357
3060914	18	 16353
3060992	20	 16062
3061040	14	 3657
3061136	13	 27273
3061660	12	 4602
3061670	19	 7791
3061777	15	 3357
3070910	18	 16353
3070992	20	 16062
3071040	14	 3657
3071136	13	 27273
3071660	12	 4602
3071670	19	 7791
3071777	15	 3357
3080910	18	 16353
3080992	20	 16062
3081040	14	 3657
3081136	13	 27273
3081660	12	 4602
3081670	19	 7791
3081777	15	 3357
3090910	18	 16353
3090992	20	 16062
3091040	14	 3657
3091136	13	 27273
3091660	12	 4602
3091670	19	 7791
3091777	15	 3357
3100910	18	 16353
3100992	20	 16062
3101040	14	 3657
3101137	13	 27273
3101660	12	 4602
3101670	19	 7791
3101777	15	 3357
3110910	18	 16353
3110992	20	 16062
3111040	14	 3657
3111136	13	 27273
3111660	12	 4602
3111670	19	 7791
3111777	15	 3357
3120910	18	 16353
3120992	20	 16062
3121040	14	 3657
3121136	13	 27273
3121660	12	 4602
3121670	19	 7791
3121777	15	 3357
3130910	18	 16353
3130992	20	 16062
3131040	14	 3657
3131136	13	 27273
3131660	12	 4602
3131670	19	 7791
3131777	15	 3357
3140910	18	 16353
3140992	20	 16062
3141040	14	 3657
3141136	13	 27273
3141660	12	 4602
3141670	19	 7791
3141777	15	 3357
3150910	18	 16353
3150992	20	 16062
3151040	14	 3657
3151136	13	 27273
3151660	12	 4602
3151670	19	 7791
3151777	15	 3357
3160910	18	 16353
3160992	20	 16062
3161040	14	 3657
3161136	13	 27273
3161660	12	 4602
3161670	19	 7791
3161777	15	 3357
3170910	18	 16353
3170992	20	 16062
3171040	14	 3657
3171136	13	 27273
3171660	12	 4602
3171671	19	 7791
3171777	15	 3357
3180910	18	 16353
3180992	20	 16062
3181040	14	 3657
3181136	13	 27273
3181660	12	 4602
3181671	19	 7791
3181777	15	 3357
3190910	18	 16353
3190992	20	 16062
3191040	14	 3657
3191136	13	 27273
3191660	12	 4602
3191671	19	 7791
3191777	15	 3357
3200910	18	 16353
3200992	20	 16062
3201040	14	 3657
3201136	13	 27273
3201660	12	 4602
3201671	19	 7791
3201777	15	 3357
3210910	18	 16353
3210992	20	 16062
3211040	14	 3657
3211136	13	 27273
3211660	12	 4602
3211671	19	 7791
3211777	15	 3357
3220910	18	 16353
3220992	20	 16062
3221040	14	 3657
3221136	13	 27273
3221660	12	 4602
3221671	19	 7791
3221777	15	 3357
3230910	18	 16353
3230992	20	 16062
3231040	14	 3657
3231136	13	 27273
3231660	12	 4602
3231671	19	 7791
3231777	15	 3357
3240910	18	 16353
3240992	20	 16062
3241040	14	 3657
3241136	13	 27273
3241660	12	 4602
3241671	19	 7791
3241777	15	 3357
3250910	18	 16353
3250992	20	 16062
3251040	14	 3657
3251136	13	 27273
3251660	12	 4602
3251671	19	 7791
3251777	15	 3357
3260910	18	 16353
3260992	20	 16062
3261040	14	 3657
3261136	13	 27273
3261660	12	 4602
3261671	19	 7791
3261777	15	 3357
3270910	18	 16353
3270992	20	 16062
3271040	14	 3657
3271136	13	 27273
3271660	12	 4602
3271671	19	 7791
3271777	15	 3357
3280910	18	 16353
3280992	20	 16062
3281040	14	 3657
3281136	13	 27273
3281660	12	 4602
3281671	19	 7791
3281777	15	 3357
3290910	18	 16353
3290992	20	 16062
3291040	14	 3657
3291136	13	 27273
3291660	12	 4602
3291671	19	 7791
3291777	15	 3357
3300910	18	 16353
3300992	20	 16062
3301040	14	 3657
3301136	13	 27273
3301660	12	 4602
3301671	19	 7791
3301777	15	 3357
3310910	18	 16353
3310992	20	 16062
3311040	14	 3657
3311136	13	 27273
3311660	12	 4602
3311671	19	 7791
3311777	15	 3357
3320910	18	 16353
3320992	20	 16062
3321040	14	 3657
3321136	13	 27273
3321660	12	 4602
3321671	19	 7791
3321777	15	 3357
3330910	18	 16353
3330992	20	 16062
3331040	14	 3657
3331136	13	 27273
3331660	12	 4602
3331671	19	 7791
3331777	15	 3357
3340910	18	 16353
3340992	20	 16062
3341040	14	 3657
3341136	13	 27273
3341660	12	 4602
3341671	19	 7791
3341777	15	 3357
3350910	18	 16353
3350992	20	 16062
3351040	14	 3657
3351136	13	 27273
3351660	12	 4602
3351671	19	 7791
3351777	15	 3357
3360910	18	 16353
3360992	20	 16062
3361040	14	 3657
3361136	13	 27273
3361660	12	 4602
3361671	19	 7791
3361777	15	 3357
3370910	18	 16353
3370992	20	 16062
3371040	14	 3657
3371136	13	 27273
3371660	12	 4602
3371671	19	 7791
3371777	15	 3357
3380910	18	 16353
3380992	20	 16062
3381040	14	 3657
3381136	13	 27273
3381660	12	 4602
3381671	19	 7791
3381777	15	 3357
3390910	18	 16353
3390992	20	 16062
3391040	14	 3657
3391136	13	 27273
3391660	12	 4602
3391671	19	 7791
3391777	15	 3357
3400910	18	 16353
3400992	20	 16062
3401040	14	 3657
3401136	13	 27273
3401660	12	 4602
3401671	19	 7791
3401777	15	 3357
3410910	18	 16353
3410992	20	 16062
3411040	14	 3657
3411136	13	 27273
3411666	12	 4602
3411777	15	 3357
3420910	18	 16353
3420992	20	 16062
3421040	14	 3657
3421136	13	 27273
3421660	12	 4602
3421777	15	 3357
3430910	18	 16353
3430992	20	 16062
3431040	14	 3657
3431136	13	 27273
3431660	12	 4602
3431777	15	 3357
3440910	18	 16353
3440992	20	 16062
3441040	14	 3657
3441136	13	 27273
3441660	12	 4602
3441777	15	 3357
3450910	18	 16353
3450992	20	 16062
3451040	14	 3657
3451136	13	 27273
3451660	12	 4602
3451777	15	 3357
3460910	18	 16353
3460992	20	 16062
3461040	14	 3657
3461136	13	 27273
3461660	12	 4602
3461777	15	 3357
3470910	18	 16353
3470992	20	 16062
3471040	14	 3657
3471136	13	 27273
3471660	12	 4602
3471777	15	 3357
3480910	18	 16353
3480992	20	 16062
3481040	14	 3657
3481136	13	 27273
3481660	12	 4602
3481706	16	 326602
3481720	16	 307678
3481733	16	 295062
3481747	16	 286652
3481760	16	 281045
3481774	16	 277307
3486616	19	 17981
3486631	19	 16915
3486645	19	 16204
3486663	19	 15730
3486678	19	 15414
3486692	19	 15204
3486707	19	 15064
3486722	19	 14970
3490910	18	 16353
3490992	20	 16062
3491040	14	 3657
3491136	13	 27273
3491660	12	 4602
3491671	19	 14908
3500910	18	 16353
3500992	20	 16062
3501040	14	 3657
3501136	13	 27273
3501660	12	 4602
3501671	19	 14866
3510910	18	 16353
3510992	20	 16062
3511040	14	 3657
3511136	13	 27273
3511660	12	 4602
3511671	19	 14838
3515730	15	 8030
3515744	15	 7547
3515769	15	 7225
3515784	15	 7010
3520910	18	 16353
3520992	20	 16062
3521040	14	 3657
3521136	13	 27273
3521660	12	 4602
3521671	19	 14820
3521777	15	 6867
3530910	18	 16353
3530992	20	 16062
3531040	14	 3657
3531136	13	 27273
3531660	12	 4602
3531671	19	 14808
3531777	15	 6772
3540910	18	 16353
3540992	20	 16062
3541040	14	 3657
3541136	13	 27273
3541660	12	 4602
3541671	19	 14800
3541777	15	 6708
3550910	18	 16353
3550992	20	 16062
3551040	14	 3657
3551136	13	 27273
3551660	12	 4602
3551671	19	 14794
3551777	15	 6666
3560910	18	 16353
3560992	20	 16062
3561040	14	 3657
3561136	13	 27273
3561660	12	 4602
3561671	19	 14790
3561777	15	 6638
3570910	18	 16353
3570992	20	 16062
3571040	14	 3657
3571136	13	 27273
3571660	12	 4602
3571671	19	 14788
3571777	15	 6619
3580910	18	 16353
3580992	20	 16062
3581040	14	 3657
3581137	13	 27273
3581660	12	 4602
3581671	19	 14786
3581777	15	 6606
3590910	18	 16353
3590992	20	 16062
3591040	14	 3657
3591136	13	 27273
3591660	12	 4602
3591671	19	 14785
3591777	15	 6598
